Plot	Beechtreen	Beechabsolutebasalarea	Understorycoverage	Beechseedsperm2	Smallmammalsdensity	MicePlotDensity	Voledensity	Plottype	Site	Year	Sitelocation	Shannondiversity	Richness	Norwaysprucebasalarea	Douglasfirbasalarea	Understoryscaled	Session
3.1	2.0	0.030171161	5644.0	0.0	33.94	19.38692149	12.75	1.0	3.0	2021.0	"Southern"	0.952607	3.0	0.030152479	32.78743619	1.048079144	316.0
3.1	2.0	0.030171161	5644.0	0.0	43.68	3.58E-8	43.68	1.0	3.0	2022.0	"Southern"	0.5195798	2.0	0.030152479	32.78743619	1.048079144	317.0
3.2	42.0	19.71585385	9096.8	9.2	26.17	20.76907701	9.22	2.0	3.0	2021.0	"Southern"	0.8756432	3.0	0.0	9.627227995	2.170924686	326.0
3.2	42.0	19.71585385	9096.8	153.2	8.3	4.85E-8	8.3	2.0	3.0	2022.0	"Southern"	0.0	1.0	0.0	9.627227995	2.170924686	327.0
3.3	118.0	29.48770298	2689.2	14.0	33.87	24.06837281	20.84	3.0	3.0	2021.0	"Southern"	1.035361	3.0	0.424247227	0.475194829	0.087182478	336.0
3.3	118.0	29.48770298	2689.2	164.4	12.96	5.0E-7	12.96	3.0	3.0	2022.0	"Southern"	0.6829081	2.0	0.424247227	0.475194829	0.087182478	337.0
3.4	105.0	20.45529614	3170.6	13.6	21.24	15.23243625	8.41	4.0	3.0	2021.0	"Southern"	0.6901857	2.0	6.278487276	0.0	0.243733059	346.0
3.4	105.0	20.45529614	3170.6	330.8	6.03	3.44E-8	6.03	4.0	3.0	2022.0	"Southern"	0.0	1.0	6.278487276	0.0	0.243733059	347.0
3.5	7.0	0.0	16.6	0.0	34.29	19.43591768	0.0	5.0	3.0	2021.0	"Southern"	0.6869616	2.0	41.19423932	0.0	-0.781943157	356.0
3.5	7.0	0.0	16.6	0.0	1.0	8.9E-7	1.0	5.0	3.0	2022.0	"Southern"	0.0	1.0	41.19423932	0.0	-0.781943157	357.0
4.1	0.0	0.0	6424.2	0.0	66.23	4.136788675	42.59	1.0	4.0	2021.0	"Southern"	0.6365142	2.0	6.362732087	30.49048284	1.30179905	416.0
4.1	0.0	0.0	6424.2	0.0	30.5	0.307918203	24.98	1.0	4.0	2022.0	"Southern"	0.8587409	3.0	6.362732087	30.49048284	1.30179905	417.0
4.2	77.0	18.57771693	6640.0	4.4	32.07	26.26842303	16.75	2.0	4.0	2021.0	"Southern"	0.6896709	2.0	0.0	22.29752825	1.371976897	426.0
4.2	77.0	18.57771693	6640.0	138.8	14.6	7.69E-6	14.6	2.0	4.0	2022.0	"Southern"	0.5623351	2.0	0.0	22.29752825	1.371976897	427.0
4.3	243.0	30.37846225	614.2	18.0	10.47	13.54818963	0.0	3.0	4.0	2021.0	"Southern"	0.0	2.0	2.802315485	0.0	-0.587604506	436.0
4.3	243.0	30.37846225	614.2	305.6	7.99	3.413389045	5.2	3.0	4.0	2022.0	"Southern"	0.5623351	2.0	2.802315485	0.0	-0.587604506	437.0
4.4	236.0	15.66870262	83.0	7.6	15.5	20.08999794	0.0	4.0	4.0	2021.0	"Southern"	0.6730117	2.0	20.50055731	0.0	-0.760349974	446.0
4.4	236.0	15.66870262	83.0	129.2	0.0	5.72E-6	0.0	4.0	4.0	2022.0	"Southern"	0.0	1.0	20.50055731	0.0	-0.760349974	447.0
4.5	10.0	0.0	1328.0	0.0	30.56	17.60977524	18.44	5.0	4.0	2021.0	"Southern"	0.6365142	2.0	39.60301473	0.0	-0.355477783	456.0
4.5	10.0	0.0	1328.0	0.0	4.0	5.01E-7	2.0	5.0	4.0	2022.0	"Southern"	0.0	1.0	39.60301473	0.0	-0.355477783	457.0
6.1	0.0	0.0	8864.4	0.0	30.98	21.59672826	11.69	1.0	6.0	2021.0	"Northern"	0.6365142	2.0	0.0	21.37955263	2.095348544	616.0
6.1	0.0	0.0	8864.4	0.0	33.03	8.329647866	23.27	1.0	6.0	2022.0	"Northern"	0.5359599	2.0	0.0	21.37955263	2.095348544	617.0
6.2	168.0	17.55373271	83.0	6.4	6.55	13.8509678	0.0	2.0	6.0	2021.0	"Northern"	0.0	1.0	0.0	14.02163415	-0.760349974	626.0
6.2	168.0	17.55373271	83.0	90.0	6.7	10.87996617	0.0	2.0	6.0	2022.0	"Northern"	0.6365142	2.0	0.0	14.02163415	-0.760349974	627.0
6.3	261.0	26.16306937	16.6	8.4	0.0	3.92E-6	0.0	3.0	6.0	2021.0	"Northern"	0.5004024	2.0	0.0	0.519590193	-0.781943157	636.0
6.3	261.0	26.16306937	16.6	156.4	2.84	3.943176084	0.0	3.0	6.0	2022.0	"Northern"	0.0	1.0	0.0	0.519590193	-0.781943157	637.0
6.4	121.0	19.0427868	99.6	6.8	4.37	2.485390125	1.7	4.0	6.0	2021.0	"Northern"	0.6931472	2.0	12.44609019	0.0	-0.754951678	646.0
6.4	121.0	19.0427868	99.6	53.6	5.51	2.100146449	7.13	4.0	6.0	2022.0	"Northern"	0.6365142	2.0	12.44609019	0.0	-0.754951678	647.0
6.5	0.0	0.0	747.0	0.0	4.19	4.933570413	0.0	5.0	6.0	2021.0	"Northern"	0.6554818	2.0	29.47088823	0.0	-0.544418139	656.0
6.5	0.0	0.0	747.0	0.0	7.2	4.173569757	3.85	5.0	6.0	2022.0	"Northern"	1.277034	4.0	29.47088823	0.0	-0.544418139	657.0
8.1	11.0	2.84734529	66.4	0.0	0.94	10.08456052	0.0	1.0	8.0	2021.0	"Northern"	0.0	1.0	0.0	37.39324629	-0.76574827	816.0
8.1	11.0	2.84734529	66.4	0.0	20.43	19.16846726	1.0	1.0	8.0	2022.0	"Northern"	0.4101163	2.0	0.0	37.39324629	-0.76574827	817.0
8.2	68.0	11.94577115	381.8	8.0	10.97	18.74380063	0.0	2.0	8.0	2021.0	"Northern"	0.3767702	2.0	0.13350204	29.10746926	-0.663180648	826.0
8.2	68.0	11.94577115	381.8	112.0	15.49	15.4929126	0.0	2.0	8.0	2022.0	"Northern"	0.4101163	2.0	0.13350204	29.10746926	-0.663180648	827.0
8.3	166.0	24.66489131	597.6	17.6	21.54	28.15057744	0.0	3.0	8.0	2021.0	"Northern"	0.429323	2.0	1.105257956	0.0	-0.593002802	836.0
8.3	166.0	24.66489131	597.6	194.0	27.94	27.05057644	1.32	3.0	8.0	2022.0	"Northern"	0.286836	2.0	1.105257956	0.0	-0.593002802	837.0
8.4	151.0	11.88885075	282.2	10.4	21.03	30.16647089	0.0	4.0	8.0	2021.0	"Northern"	0.5195798	2.0	12.22552305	0.150609287	-0.695570423	846.0
8.4	151.0	11.88885075	282.2	171.6	15.64	14.94977827	1.0	4.0	8.0	2022.0	"Northern"	0.4101163	2.0	12.22552305	0.150609287	-0.695570423	847.0
8.5	8.0	0.02835354	1577.0	0.0	14.49	11.78930943	0.0	5.0	8.0	2021.0	"Northern"	0.0	1.0	39.39835828	2.597049501	-0.274503345	856.0
8.5	8.0	0.02835354	1577.0	0.0	15.33	5.237009758	9.33	5.0	8.0	2022.0	"Northern"	0.6869616	2.0	39.39835828	2.597049501	-0.274503345	857.0
